service_id,monday,tuesday,wednesday,thursday,friday,saturday,sunday,start_date,end_date,service_name
64970,0,0,0,0,0,1,1,20190903,20191230,Выходные дни
64971,1,1,1,1,1,0,0,20190903,20191230,Будние дни
63553,1,1,1,1,1,1,1,20190812,20191230,Ежедневно
60245,0,0,0,0,0,1,1,20190503,20191230,Выходные дни
60244,1,1,1,1,1,0,0,20190503,20191230,Будние дни
62673,1,1,1,1,1,1,1,20190718,20191230,Ежедневно
63633,1,1,1,1,1,1,1,20190802,20191230,Ежедневно
64229,1,1,1,1,1,0,0,20190813,20191230,Будние дни
64230,0,0,0,0,0,1,1,20190813,20191230,Выходные дни
65242,1,1,1,1,1,0,0,20190912,20191230,Будние дни
65243,0,0,0,0,0,1,1,20190912,20191230,Выходные дни
63013,1,1,1,1,1,0,0,20190723,20191230,Будние дни
63012,0,0,0,0,0,1,1,20190723,20191230,Выходные дни
64159,1,1,1,1,1,0,0,20190813,20191230,Будние дни
64160,0,0,0,0,0,1,1,20190813,20191230,Выходные дни
64715,1,1,1,1,1,0,0,20190827,20191230,Будние дни
64716,0,0,0,0,0,1,1,20190827,20191230,Выходные дни
65043,1,1,1,1,0,0,0,20190905,20191230,Будние дни кроме пятницы
65044,0,0,0,0,1,0,0,20190905,20191230,Пятница
65045,0,0,0,0,0,1,0,20190905,20191230,Суббота
65046,0,0,0,0,0,0,1,20190905,20191230,Воскресенье
65241,0,0,0,0,0,1,1,20190912,20191230,Выходные дни
65240,1,1,1,1,1,0,0,20190912,20191230,Будние дни
65167,1,1,1,1,1,0,0,20190911,20191230,Будние дни
65168,0,0,0,0,0,1,1,20190911,20191230,Выходные дни
64707,1,1,1,1,1,0,0,20190826,20191230,Будние дни
64708,0,0,0,0,0,1,1,20190826,20191230,Выходные дни
62469,1,1,1,1,1,1,1,20190715,20191230,Ежедневно
65245,0,0,0,0,0,1,1,20190912,20191230,Выходные дни
65244,1,1,1,1,1,0,0,20190912,20191230,Будние дни
65312,0,0,0,0,0,1,1,20190913,20191230,Выходные дни
65313,1,1,1,1,1,0,0,20190913,20191230,Будние дни
65252,1,1,1,1,1,0,0,20190912,20191230,Будние дни
65253,0,0,0,0,0,1,1,20190912,20191230,Выходные дни
63911,1,1,1,1,0,0,0,20190803,20191230,Будние дни кроме пятницы
63910,0,0,0,0,1,0,0,20190803,20191230,Пятница
63909,0,0,0,0,0,1,1,20190803,20191230,Выходные дни
64425,0,0,0,0,0,1,0,20190909,20191230,Суббота
64423,1,1,1,1,0,0,0,20190909,20191230,Будние дни кроме пятницы
64426,0,0,0,0,0,0,1,20190909,20191230,Воскресенье
64424,0,0,0,0,1,0,0,20190909,20191230,Пятница
63791,1,1,1,1,1,1,1,20190802,20191230,Ежедневно
64639,1,1,1,1,1,1,1,20190824,20191230,Ежедневно
63908,0,0,0,0,0,1,1,20190803,20191230,Выходные дни
63907,1,1,1,1,1,0,0,20190803,20191230,Будние дни
65247,1,1,1,1,1,0,0,20190912,20191230,Будние дни
65246,0,0,0,0,0,1,1,20190912,20191230,Выходные дни
65311,1,1,1,1,1,0,0,20190913,20191230,Будние дни
65310,0,0,0,0,0,1,1,20190913,20191230,Выходные дни
65303,0,0,0,0,0,1,1,20190914,20191230,Выходные дни
65304,1,1,1,1,1,0,0,20190914,20191230,Будние дни
63957,1,1,1,1,1,0,0,20190805,20191230,Будние дни
63958,0,0,0,0,0,1,1,20190805,20191230,Выходные дни
56078,1,1,1,1,1,0,0,20181101,20191230,Будние дни
56079,0,0,0,0,0,1,1,20181101,20191230,Выходные дни
65229,1,1,1,1,1,0,0,20190912,20191230,Будние дни
65228,0,0,0,0,0,1,1,20190912,20191230,Выходные дни
63740,1,1,1,1,1,0,0,20190802,20191230,Будние дни
63741,0,0,0,0,0,1,1,20190802,20191230,Выходные дни
59938,1,1,1,1,1,0,0,20190424,20191230,Будние дни
59937,0,0,0,0,0,1,1,20190424,20191230,Выходные дни
59368,0,0,0,0,0,1,1,20190410,20191230,Выходные дни
59433,1,1,1,1,1,0,0,20190415,20191230,Будние дни
63139,1,1,1,1,1,0,0,20190801,20191230,Будние дни
65260,1,1,1,1,1,0,0,20190913,20191230,Будние дни
65259,0,0,0,0,0,1,1,20190913,20191230,Выходные дни
65021,1,1,1,1,1,0,0,20190905,20191230,Будние дни
65022,0,0,0,0,0,1,1,20190905,20191230,Выходные дни
65081,1,1,1,1,1,1,1,20190907,20191230,Ежедневно
63784,1,1,1,1,1,1,0,20190802,20191230,Будние и субботние дни
63786,0,0,0,0,0,0,1,20190802,20191230,Воскресенье
64936,1,1,1,1,1,1,1,20190902,20191230,Ежедневно
59738,0,0,0,0,0,1,1,20190501,20191230,Выходные дни
58662,1,1,1,1,1,0,0,20190211,20191230,Будние дни
58311,1,1,1,1,1,1,1,20190206,20191230,Ежедневно
63745,1,1,1,1,1,1,1,20190802,20191230,Ежедневно
61682,1,1,1,1,1,0,0,20190624,20191230,Будние дни
63466,0,0,0,0,0,1,1,20190731,20191230,Выходные дни
63465,1,1,1,1,1,0,0,20190731,20191230,Будние дни
60362,1,1,1,1,1,1,1,20190510,20191230,Ежедневно
64454,1,1,1,1,1,0,0,20190820,20190915,Будние дни
64455,0,0,0,0,0,1,1,20190820,20190915,Выходные дни
64740,0,0,0,0,0,1,1,20190901,20191230,Выходные дни
64739,0,0,0,0,1,0,0,20190901,20191230,Пятница
64738,1,1,1,1,0,0,0,20190901,20191230,Будние дни кроме пятницы
64671,1,1,1,1,1,0,0,20190902,20191230,Будние дни
64685,0,0,0,0,0,1,1,20190825,20191230,Выходные дни
65011,1,1,1,1,1,0,0,20190902,20191230,Будние дни
64937,0,0,0,0,0,1,1,20190902,20191230,Выходные дни
63735,1,1,1,1,1,1,1,20190802,20191230,Ежедневно
60449,1,1,1,1,1,0,0,20190508,20191230,Будние дни
60450,0,0,0,0,0,1,1,20190508,20191230,Выходные дни
64637,0,0,0,0,0,1,1,20190824,20191230,Выходные дни
64636,1,1,1,1,1,0,0,20190824,20191230,Будние дни
63783,1,1,1,1,1,1,0,20190802,20191230,Будние и субботние дни
63785,0,0,0,0,0,0,1,20190802,20191230,Воскресенье
65237,0,0,0,0,0,1,1,20190912,20191230,Выходные дни
65236,1,1,1,1,1,0,0,20190912,20191230,Будние дни
65239,0,0,0,0,0,1,1,20190912,20191230,Выходные дни
65238,1,1,1,1,1,0,0,20190912,20191230,Будние дни
58977,1,1,1,1,1,0,0,20190306,20191230,Будние дни
65221,0,0,0,0,0,1,1,20190912,20191230,Выходные дни
65220,1,1,1,1,1,0,0,20190912,20191230,Будние дни
64105,1,1,1,1,1,1,1,20190810,20191230,Ежедневно
56966,1,1,1,1,1,1,1,20181130,20191230,Ежедневно
62756,1,1,1,1,1,0,0,20190719,20191230,Будние дни
62757,0,0,0,0,0,1,1,20190719,20191230,Выходные дни
42955,1,1,1,1,1,1,1,20170701,20191230,Ежедневно
65124,1,1,1,1,1,1,1,20190907,20190922,Ежедневно
64734,1,1,1,1,1,0,0,20190902,20191230,Будние дни
56659,1,1,1,1,1,1,1,20181120,20191230,Ежедневно
42817,1,1,1,1,1,1,1,20170701,20191230,Ежедневно
42676,1,1,1,1,1,1,1,20170701,20191230,Ежедневно
42406,1,1,1,1,1,1,1,20170701,20191230,Ежедневно
56880,1,1,1,1,1,1,1,20181127,20191230,Ежедневно
63751,1,1,1,1,1,1,1,20190802,20191230,Ежедневно
41356,1,1,1,1,1,1,1,20170701,20191230,Ежедневно
64393,0,0,0,0,0,1,1,20190814,20191230,Выходные дни
64392,1,1,1,1,1,0,0,20190814,20191230,Будние дни
63806,1,1,1,1,1,1,1,20190802,20191230,Ежедневно
63796,0,0,0,0,0,1,1,20190802,20190922,Выходные дни
63794,1,1,1,1,1,0,0,20190802,20190922,Будние дни
61444,0,0,0,0,0,1,1,20190610,20191230,Выходные дни
61445,1,1,1,1,1,0,0,20190610,20191230,Будние дни
65309,1,1,1,1,1,1,1,20190914,20191230,Ежедневно
41449,1,1,1,1,1,1,1,20170701,20191230,Ежедневно
42425,1,1,1,1,1,1,1,20170701,20191230,Ежедневно
64351,1,1,1,1,1,1,0,20190902,20191230,Будние и субботние дни
41396,1,1,1,1,1,1,1,20170701,20191230,Ежедневно
41695,1,1,1,1,1,1,1,20170701,20191230,Ежедневно
65128,1,1,1,1,1,0,0,20190907,20191230,Будние дни
65129,0,0,0,0,0,1,1,20190907,20191230,Выходные дни
60637,1,1,1,1,1,1,1,20190509,20191230,Ежедневно
63669,1,1,1,1,1,0,0,20190802,20191230,Будние дни
65254,0,0,0,0,0,1,1,20190912,20191230,Выходные дни
65255,1,1,1,1,1,0,0,20190912,20191230,Будние дни
63586,1,1,1,1,1,1,1,20190801,20191103,Ежедневно
64794,1,1,1,1,1,1,1,20190830,20191230,Ежедневно
59445,0,0,0,0,1,0,0,20190416,20191230,Пятница
59449,1,1,1,1,0,0,0,20190416,20191230,Будние дни кроме пятницы
59734,0,0,0,0,0,1,0,20190501,20191230,Суббота
63601,0,0,0,0,0,1,1,20190801,20191230,Выходные дни
63600,1,1,1,1,1,0,0,20190801,20191230,Будние дни
59939,1,1,1,1,1,1,1,20190605,20191230,Ежедневно
63616,1,1,1,1,1,0,0,20190801,20191230,Будние дни
63617,0,0,0,0,0,1,1,20190801,20191230,Выходные дни
65217,1,1,1,1,1,0,0,20190912,20190915,Будние дни
65216,0,0,0,0,0,1,1,20190912,20191230,Выходные дни
62836,1,1,1,1,1,1,1,20190720,20191230,Ежедневно
64534,0,0,0,0,0,1,1,20190819,20191230,Выходные дни
64989,1,1,1,1,1,0,0,20190905,20191230,Будние дни
58260,0,0,0,0,0,1,1,20190201,20191230,Выходные дни
59448,1,1,1,1,0,0,0,20190416,20191230,Будние дни кроме пятницы
59446,0,0,0,0,1,0,0,20190416,20191230,Пятница
64985,1,1,1,1,1,1,1,20190902,20191230,Ежедневно
63344,1,1,1,1,1,1,1,20190728,20191230,Ежедневно
55239,0,0,0,0,0,1,1,20181001,20191230,Выходные дни
55237,1,1,1,1,1,0,0,20181001,20191230,Будние дни
64706,1,1,1,1,1,1,1,20190826,20191230,Ежедневно
56865,0,0,0,0,0,1,1,20181127,20191230,Выходные дни
65151,1,1,1,1,1,0,0,20190909,20191230,Будние дни
65152,0,0,0,0,0,1,1,20190909,20191230,Выходные дни
65224,1,1,1,1,1,0,0,20190912,20191230,Будние дни
65225,0,0,0,0,0,1,1,20190912,20191230,Выходные дни
63807,1,1,1,1,1,1,1,20190802,20191230,Ежедневно
63808,1,1,1,1,1,1,1,20190802,20191230,Ежедневно
64964,1,1,1,1,1,0,0,20190902,20191230,Будние дни
64963,0,0,0,0,0,1,1,20190902,20191230,Выходные дни
63737,0,0,0,0,0,1,1,20190802,20191230,Выходные дни
63736,1,1,1,1,1,0,0,20190802,20191230,Будние дни
63689,0,0,0,0,0,1,1,20190802,20191230,Выходные дни
63688,1,1,1,1,1,0,0,20190802,20191230,Будние дни
59874,1,1,1,1,1,0,0,20190513,20191230,Будние дни
59875,0,0,0,0,0,1,1,20190513,20191230,Выходные дни
65249,0,0,0,0,0,1,1,20190912,20191230,Выходные дни
65248,1,1,1,1,1,0,0,20190912,20191230,Будние дни
64353,1,1,1,1,1,1,0,20190902,20191230,Будние и субботние дни
41381,1,1,1,1,1,1,1,20170701,20191230,Ежедневно
41382,1,1,1,1,1,1,1,20170701,20191230,Ежедневно
41270,1,1,1,1,1,1,1,20170701,20191230,Ежедневно
41395,1,1,1,1,1,1,1,20170701,20191230,Ежедневно
41271,1,1,1,1,1,1,1,20170701,20191230,Ежедневно
41692,1,1,1,1,1,1,1,20170701,20191230,Ежедневно
41273,1,1,1,1,1,1,1,20170701,20191230,Ежедневно
41275,1,1,1,1,1,1,1,20170701,20191230,Ежедневно
41276,1,1,1,1,1,1,1,20170701,20191230,Ежедневно
41384,1,1,1,1,1,1,1,20170701,20191230,Ежедневно
42395,1,1,1,1,1,1,1,20170701,20191230,Ежедневно
41279,1,1,1,1,1,1,1,20170701,20191230,Ежедневно
41386,1,1,1,1,1,1,1,20170701,20191230,Ежедневно
41280,1,1,1,1,1,1,1,20170701,20191230,Ежедневно
42396,1,1,1,1,1,1,1,20170701,20191230,Ежедневно
41281,1,1,1,1,1,1,1,20170701,20191230,Ежедневно
41282,1,1,1,1,1,1,1,20170701,20191230,Ежедневно
63754,1,1,1,1,1,1,1,20190802,20191230,Ежедневно
64583,1,1,1,1,1,0,0,20190819,20191230,Будние дни
64582,0,0,0,0,0,1,1,20190819,20191230,Выходные дни
61406,0,0,0,0,0,1,1,20190601,20191230,Выходные дни
61405,1,1,1,1,1,0,0,20190601,20191230,Будние дни
60440,1,1,1,1,1,0,0,20190508,20190915,Будние дни
60439,0,0,0,0,0,1,1,20190508,20190915,Выходные дни
63595,1,1,1,1,1,1,1,20190801,20191230,Ежедневно
55241,1,1,1,1,1,0,0,20181001,20191230,Будние дни
55242,0,0,0,0,0,1,1,20181001,20191230,Выходные дни
63829,1,1,1,1,1,1,1,20190802,20191230,Ежедневно
63830,1,1,1,1,1,1,1,20190802,20191230,Ежедневно
65076,1,1,1,1,1,0,0,20190905,20191230,Будние дни
65077,0,0,0,0,0,1,1,20190905,20191230,Выходные дни
65157,1,1,1,1,1,1,1,20190911,20191230,Ежедневно
64301,0,0,0,0,0,1,1,20190811,20191230,Выходные дни
64300,1,1,1,1,1,0,0,20190811,20191230,Будние дни
58658,0,0,0,0,0,1,1,20190211,20191230,Выходные дни
58657,1,1,1,1,1,0,0,20190211,20191230,Будние дни
64644,1,1,1,1,1,1,1,20190901,20191230,Ежедневно
64567,1,1,1,1,1,1,1,20190820,20191230,Ежедневно
64569,1,1,1,1,1,0,0,20190820,20191230,Будние дни
64571,0,0,0,0,0,1,1,20190820,20191230,Выходные дни
64355,0,0,0,0,0,0,1,20190902,20191230,Воскресенье
64352,1,1,1,1,1,1,0,20190902,20191230,Будние и субботние дни
64983,1,1,1,1,1,1,1,20190902,20191230,Ежедневно
41383,1,1,1,1,1,1,1,20170701,20191230,Ежедневно
41278,1,1,1,1,1,1,1,20170701,20191230,Ежедневно
41696,1,1,1,1,1,1,1,20170701,20191230,Ежедневно
55350,1,1,1,1,1,1,1,20180321,20191230,Ежедневно
42374,1,1,1,1,1,1,1,20170701,20191230,Ежедневно
56681,1,1,1,1,1,1,1,20181121,20191230,Ежедневно
41697,1,1,1,1,1,1,1,20170701,20191230,Ежедневно
42422,1,1,1,1,1,1,1,20170701,20191230,Ежедневно
41289,1,1,1,1,1,1,1,20170701,20191230,Ежедневно
41450,1,1,1,1,1,1,1,20170701,20191230,Ежедневно
41446,1,1,1,1,1,1,1,20170701,20191230,Ежедневно
42405,1,1,1,1,1,1,1,20170701,20191230,Ежедневно
41290,1,1,1,1,1,1,1,20170701,20191230,Ежедневно
42498,1,1,1,1,1,1,1,20170701,20191230,Ежедневно
41340,1,1,1,1,1,1,1,20170701,20191230,Ежедневно
41700,1,1,1,1,1,1,1,20170701,20191230,Ежедневно
41444,1,1,1,1,1,1,1,20170701,20191230,Ежедневно
41701,1,1,1,1,1,1,1,20170701,20191230,Ежедневно
41702,1,1,1,1,1,1,1,20170701,20191230,Ежедневно
41703,1,1,1,1,1,1,1,20170701,20191230,Ежедневно
55344,1,1,1,1,1,1,1,20181003,20191230,Ежедневно
41705,1,1,1,1,1,1,1,20170701,20191230,Ежедневно
41443,1,1,1,1,1,1,1,20170701,20191230,Ежедневно
41451,1,1,1,1,1,1,1,20170701,20191230,Ежедневно
42407,1,1,1,1,1,1,1,20170701,20191230,Ежедневно
41357,1,1,1,1,1,1,1,20170701,20191230,Ежедневно
62145,1,1,1,1,1,0,0,20190701,20191230,Будние дни
62146,0,0,0,0,0,1,1,20190701,20191230,Выходные дни
63799,1,1,1,1,1,1,1,20190802,20191230,Ежедневно
64371,1,1,1,1,1,0,0,20190814,20191230,Будние дни
63776,1,1,1,1,1,0,0,20190802,20191230,Будние дни
63778,0,0,0,0,0,1,1,20190802,20191230,Выходные дни
63844,0,0,0,0,0,1,1,20190802,20190922,Выходные дни
63842,1,1,1,1,1,0,0,20190802,20190922,Будние дни
65122,0,0,0,0,0,1,1,20190907,20191230,Выходные дни
63793,1,1,1,1,1,0,0,20190802,20190922,Будние дни
64099,1,1,1,1,1,0,0,20190815,20191230,Будние дни
64100,0,0,0,0,0,1,1,20190815,20191230,Выходные дни
63761,1,1,1,1,1,0,0,20190802,20191230,Будние дни
63762,0,0,0,0,0,1,1,20190802,20191230,Выходные дни
63634,1,1,1,1,1,1,0,20190802,20191230,Будние и субботние дни
63635,0,0,0,0,0,0,1,20190802,20191230,Воскресенье
64575,0,0,0,0,0,0,1,20190821,20191230,Воскресенье
64573,1,1,1,1,1,1,0,20190821,20191230,Будние и субботние дни
63548,1,1,1,1,1,0,0,20190812,20191230,Будние дни
63546,0,0,0,0,0,1,1,20190812,20191230,Выходные дни
64350,1,1,1,1,1,1,0,20190902,20191230,Будние и субботние дни
63637,0,0,0,0,0,0,1,20190802,20191230,Воскресенье
64079,1,1,1,1,1,1,1,20190806,20191230,Ежедневно
63640,1,1,1,1,1,0,0,20190802,20191230,Будние дни
63641,0,0,0,0,0,1,1,20190802,20191230,Выходные дни
64372,1,1,1,1,1,0,0,20190814,20191230,Будние дни
64373,0,0,0,0,0,1,1,20190814,20191230,Выходные дни
65119,1,1,1,1,1,1,1,20190907,20190915,Ежедневно
63649,1,1,1,1,1,1,1,20190802,20191230,Ежедневно
58837,1,1,1,1,1,1,1,20190225,20191230,Ежедневно
63643,1,1,1,1,1,1,1,20190802,20191230,Ежедневно
64646,1,1,1,1,1,1,1,20190901,20191230,Ежедневно
63726,1,1,1,1,1,0,0,20190802,20191230,Будние дни
63728,0,0,0,0,0,1,1,20190802,20191230,Выходные дни
64360,0,0,0,0,0,0,1,20190902,20191230,Воскресенье
64357,1,1,1,1,1,1,0,20190902,20191230,Будние и субботние дни
64564,1,1,1,1,1,1,1,20190820,20191230,Ежедневно
64563,1,1,1,1,1,1,1,20190820,20191230,Ежедневно
63813,1,1,1,1,1,1,1,20190802,20191230,Ежедневно
64561,1,1,1,1,1,1,1,20190820,20191230,Ежедневно
64359,1,1,1,1,1,1,0,20190902,20191230,Будние и субботние дни
64921,1,1,1,1,1,1,1,20190831,20191230,Ежедневно
63846,1,1,1,1,1,1,0,20190802,20191230,Будние и субботние дни
63848,0,0,0,0,0,0,1,20190802,20191230,Воскресенье
64358,1,1,1,1,1,1,1,20190902,20191230,Ежедневно
64558,1,1,1,1,1,1,1,20190823,20191230,Ежедневно
64565,1,1,1,1,1,1,1,20190820,20191230,Ежедневно
63805,1,1,1,1,1,1,1,20190802,20191230,Ежедневно
63659,1,1,1,1,1,0,0,20190802,20191230,Будние дни
63661,0,0,0,0,0,1,1,20190802,20191230,Выходные дни
65235,0,0,0,0,0,1,1,20190912,20191230,Выходные дни
65234,1,1,1,1,1,0,0,20190912,20191230,Будние дни
64568,1,1,1,1,1,1,1,20190820,20191230,Ежедневно
59698,1,1,1,1,1,0,0,20190417,20191230,Будние дни
59697,0,0,0,0,0,1,1,20190417,20191230,Выходные дни
63050,1,1,1,1,1,1,1,20190729,20191230,Ежедневно
59413,1,1,1,1,1,0,0,20190410,20190915,Будние дни
64705,0,0,0,0,0,1,1,20190826,20191230,Выходные дни
64704,1,1,1,1,1,0,0,20190826,20191230,Будние дни
65305,1,1,1,1,1,0,0,20190914,20191230,Будние дни
65306,0,0,0,0,0,1,1,20190914,20191230,Выходные дни
41277,1,1,1,1,1,1,1,20170701,20191230,Ежедневно
41694,1,1,1,1,1,1,1,20170701,20191230,Ежедневно
41286,1,1,1,1,1,1,1,20170701,20191230,Ежедневно
41698,1,1,1,1,1,1,1,20170701,20191230,Ежедневно
41288,1,1,1,1,1,1,1,20170701,20191230,Ежедневно
42426,1,1,1,1,1,1,1,20170701,20191230,Ежедневно
41343,1,1,1,1,1,1,1,20170701,20191230,Ежедневно
42397,1,1,1,1,1,1,1,20170701,20191230,Ежедневно
63721,1,1,1,1,1,0,0,20190802,20191230,Будние дни
63723,0,0,0,0,0,1,1,20190802,20191230,Выходные дни
58802,0,0,0,0,0,1,1,20190220,20191230,Выходные дни
58803,1,1,1,1,1,0,0,20190220,20191230,Будние дни
64408,1,1,1,1,1,0,0,20190909,20191230,Будние дни
63789,0,0,0,0,0,1,1,20190802,20191230,Выходные дни
64098,1,1,1,1,1,0,0,20190807,20191230,Будние дни
61666,0,0,0,0,0,1,1,20190610,20191230,Выходные дни
64901,0,0,0,0,0,1,1,20190901,20191230,Выходные дни
64900,1,1,1,1,1,0,0,20190901,20191230,Будние дни
63902,1,1,1,1,1,0,0,20190803,20191230,Будние дни
63901,0,0,0,0,0,1,1,20190803,20191230,Выходные дни
64766,1,1,1,1,1,1,1,20190901,20191230,Ежедневно
62672,1,1,1,1,1,1,1,20190718,20191230,Ежедневно
63775,0,0,0,0,0,1,1,20190802,20191230,Выходные дни
63774,1,1,1,1,1,0,0,20190802,20191230,Будние дни
57135,0,0,0,0,0,1,1,20181212,20191230,Выходные дни
65073,1,1,1,1,1,0,0,20190905,20191230,Будние дни
63758,1,1,1,1,1,1,1,20190802,20191230,Ежедневно
63913,0,0,0,0,0,1,1,20190804,20191230,Выходные дни
63912,1,1,1,1,1,0,0,20190804,20191230,Будние дни
64440,1,1,1,1,1,0,0,20190909,20191230,Будние дни
62691,0,0,0,0,0,1,1,20190709,20191230,Выходные дни
65251,0,0,0,0,0,0,1,20190912,20191230,Воскресенье
65250,1,1,1,1,1,1,0,20190912,20191230,Будние и субботние дни
60415,1,1,1,1,1,0,0,20190513,20191230,Будние дни
60412,0,0,0,0,0,0,1,20190513,20191230,Воскресенье
60413,0,0,0,0,0,1,0,20190513,20191230,Суббота
60416,1,1,1,1,1,0,0,20190513,20191230,Будние дни
60414,0,0,0,0,0,1,0,20190513,20191230,Суббота
63648,1,1,1,1,1,1,1,20190802,20191230,Ежедневно
64370,0,0,0,0,0,1,1,20190819,20191230,Выходные дни
64369,1,1,1,1,1,0,0,20190819,20191230,Будние дни
64928,1,1,1,1,1,0,0,20190901,20191230,Будние дни
64927,0,0,0,0,0,1,1,20190901,20191230,Выходные дни
65262,1,1,1,1,1,1,1,20190913,20191230,Ежедневно
62995,1,1,1,1,1,0,0,20190722,20191230,Будние дни
62996,0,0,0,0,0,1,1,20190722,20191230,Выходные дни
64081,1,1,1,1,1,0,0,20190802,20191230,Будние дни
64083,0,0,0,0,0,1,1,20190802,20191230,Выходные дни
61668,0,0,0,0,0,1,1,20190610,20191230,Выходные дни
61667,1,1,1,1,1,0,0,20190610,20191230,Будние дни
63693,0,0,0,0,0,1,1,20190802,20191230,Выходные дни
63692,1,1,1,1,1,0,0,20190802,20191230,Будние дни
63798,1,1,1,1,1,1,1,20190802,20191230,Ежедневно
63588,0,0,0,0,0,1,1,20190801,20191230,Выходные дни
63587,1,1,1,1,1,0,0,20190801,20191230,Будние дни
63668,1,1,1,1,1,0,0,20190802,20191230,Будние дни
63670,0,0,0,0,0,1,1,20190802,20191230,Выходные дни
63627,0,0,0,0,0,1,1,20190802,20191230,Выходные дни
63625,1,1,1,1,1,0,0,20190802,20191230,Будние дни
64356,0,0,0,0,0,0,1,20190902,20191230,Воскресенье
64354,1,1,1,1,1,1,0,20190902,20191230,Будние и субботние дни
64790,1,1,1,1,1,0,0,20190830,20191230,Будние дни
64791,0,0,0,0,0,1,1,20190830,20191230,Выходные дни
41269,1,1,1,1,1,1,1,20170701,20191230,Ежедневно
41693,1,1,1,1,1,1,1,20170701,20191230,Ежедневно
41385,1,1,1,1,1,1,1,20170701,20191230,Ежедневно
41397,1,1,1,1,1,1,1,20170701,20191230,Ежедневно
41283,1,1,1,1,1,1,1,20170701,20191230,Ежедневно
41285,1,1,1,1,1,1,1,20170701,20191230,Ежедневно
41393,1,1,1,1,1,1,1,20170701,20191230,Ежедневно
41287,1,1,1,1,1,1,1,20170701,20191230,Ежедневно
42402,1,1,1,1,1,1,1,20170701,20191230,Ежедневно
41392,1,1,1,1,1,1,1,20170701,20191230,Ежедневно
42423,1,1,1,1,1,1,1,20170701,20191230,Ежедневно
41699,1,1,1,1,1,1,1,20170701,20191230,Ежедневно
47863,1,1,1,1,1,1,1,20170702,20191230,Ежедневно
41445,1,1,1,1,1,1,1,20170701,20191230,Ежедневно
41341,1,1,1,1,1,1,1,20170701,20191230,Ежедневно
41704,1,1,1,1,1,1,1,20170701,20191230,Ежедневно
41452,1,1,1,1,1,1,1,20170701,20191230,Ежедневно
41358,1,1,1,1,1,1,1,20170701,20191230,Ежедневно
42819,1,1,1,1,1,1,1,20170701,20191230,Ежедневно
42408,1,1,1,1,1,1,1,20170701,20191230,Ежедневно
41453,1,1,1,1,1,1,1,20170701,20191230,Ежедневно
46199,1,1,1,1,1,1,1,20170701,20191230,Ежедневно
42398,1,1,1,1,1,1,1,20170701,20191230,Ежедневно
41454,1,1,1,1,1,1,1,20170701,20191230,Ежедневно
56679,1,1,1,1,1,1,1,20181121,20191230,Ежедневно
42540,1,1,1,1,1,1,1,20170701,20191230,Ежедневно
41706,1,1,1,1,1,1,1,20170701,20191230,Ежедневно
42675,1,1,1,1,1,1,1,20170701,20191230,Ежедневно
41359,1,1,1,1,1,1,1,20170701,20191230,Ежедневно
41455,1,1,1,1,1,1,1,20170701,20191230,Ежедневно
41708,1,1,1,1,1,1,1,20170701,20191230,Ежедневно
41360,1,1,1,1,1,1,1,20170701,20191230,Ежедневно
41361,1,1,1,1,1,1,1,20170701,20191230,Ежедневно
41457,1,1,1,1,1,1,1,20170701,20191230,Ежедневно
41362,1,1,1,1,1,1,1,20170701,20191230,Ежедневно
42499,1,1,1,1,1,1,1,20170701,20191230,Ежедневно
60824,1,1,1,1,1,1,1,20190515,20191230,Ежедневно
65036,0,0,0,0,0,1,1,20190905,20191230,Выходные дни
65035,1,1,1,1,1,0,0,20190905,20191230,Будние дни
62677,0,0,0,0,0,1,1,20190718,20191230,Выходные дни
62676,1,1,1,1,1,0,0,20190718,20191230,Будние дни
64298,1,1,1,1,1,0,0,20190811,20191230,Будние дни
64299,0,0,0,0,0,1,1,20190811,20191230,Выходные дни
64151,0,0,0,0,0,1,1,20190812,20191230,Выходные дни
65034,1,1,1,1,1,0,0,20190905,20191230,Будние дни
62424,0,0,0,0,0,1,1,20190713,20191230,Выходные дни
62423,1,1,1,1,1,0,0,20190713,20191230,Будние дни
64037,1,1,1,1,1,1,1,20190804,20191230,Ежедневно
62211,1,1,1,1,1,0,0,20190630,20191230,Будние дни
62210,0,0,0,0,0,1,1,20190630,20191230,Выходные дни
60241,0,0,0,0,0,1,1,20190503,20191230,Выходные дни
59126,1,1,1,1,1,0,0,20190401,20191230,Будние дни
64106,1,1,1,1,1,1,1,20190804,20191230,Ежедневно
62104,1,1,1,1,1,0,0,20190701,20191230,Будние дни
62106,0,0,0,0,0,1,1,20190701,20191230,Выходные дни
59423,1,1,1,1,1,0,0,20190408,20191230,Будние дни
59424,0,0,0,0,0,1,1,20190408,20191230,Выходные дни
58396,0,0,0,0,0,1,1,20190205,20191230,Выходные дни
58395,1,1,1,1,1,0,0,20190205,20191230,Будние дни
62246,1,1,1,1,1,0,0,20190703,20191230,Будние дни
63053,0,0,0,0,0,1,1,20190729,20191230,Выходные дни
62953,1,1,1,1,1,0,0,20190801,20191230,Будние дни
62954,0,0,0,0,0,1,1,20190801,20191230,Выходные дни
64235,1,1,1,1,1,0,0,20190810,20191230,Будние дни
64236,0,0,0,0,0,1,1,20190810,20191230,Выходные дни
63594,0,0,0,0,0,1,1,20190801,20191230,Выходные дни
63593,1,1,1,1,1,0,0,20190801,20191230,Будние дни
64795,1,1,1,1,1,1,0,20190830,20191230,Будние и субботние дни
64796,0,0,0,0,0,0,1,20190830,20191230,Воскресенье
64442,0,0,0,0,1,1,1,20190909,20191230,Пятница и выходные дни
65039,1,1,1,1,1,0,0,20190905,20191230,Будние дни
65040,0,0,0,0,0,1,1,20190905,20191230,Выходные дни
63663,1,1,1,1,1,0,0,20190802,20191230,Будние дни
63667,0,0,0,0,0,1,1,20190802,20191230,Выходные дни
64994,1,1,1,1,1,0,0,20190905,20191230,Будние дни
64995,0,0,0,0,0,1,1,20190905,20191230,Выходные дни
62950,0,0,0,0,0,1,1,20190801,20191230,Выходные дни
62949,1,1,1,1,1,0,0,20190801,20191230,Будние дни
63632,0,0,0,0,0,1,1,20190802,20191230,Выходные дни
63631,1,1,1,1,1,0,0,20190802,20191230,Будние дни
59347,0,0,0,0,0,1,1,20190420,20191230,Выходные дни
59346,1,1,1,1,1,0,0,20190420,20191230,Будние дни
64732,0,0,0,0,0,1,1,20190827,20191230,Выходные дни
64733,1,1,1,1,1,0,0,20190902,20191230,Будние дни
65114,0,0,0,0,0,1,1,20190907,20191230,Выходные дни
59127,1,1,1,1,1,0,0,20190401,20191230,Будние дни
60043,1,1,1,1,1,0,0,20190427,20191230,Будние дни
60044,0,0,0,0,0,1,1,20190427,20191230,Выходные дни
60825,0,0,0,0,0,1,1,20190515,20191230,Выходные дни
60826,1,1,1,1,1,0,0,20190515,20191230,Будние дни
65032,0,0,0,0,0,1,1,20190905,20191230,Выходные дни
65031,1,1,1,1,1,0,0,20190905,20191230,Будние дни
65023,1,1,1,1,1,0,0,20190905,20191230,Будние дни
65024,0,0,0,0,0,1,1,20190905,20191230,Выходные дни
61618,1,1,1,1,1,1,1,20190611,20191230,Ежедневно
65037,1,1,1,1,1,0,0,20190905,20191230,Будние дни
65038,0,0,0,0,0,1,1,20190905,20191230,Выходные дни
63697,1,1,1,1,1,0,0,20190802,20191230,Будние дни
63965,1,1,1,1,1,0,0,20190804,20191230,Будние дни
63966,0,0,0,0,0,1,1,20190804,20191230,Выходные дни
65072,1,1,1,1,1,0,0,20190905,20191230,Будние дни
65071,0,0,0,0,0,1,1,20190905,20191230,Выходные дни
59733,0,0,0,0,0,1,0,20190501,20191230,Суббота
61669,0,0,0,0,0,0,1,20190610,20191230,Воскресенье
59444,0,0,0,0,1,0,0,20190416,20191230,Пятница
59447,1,1,1,1,0,0,0,20190416,20191230,Будние дни кроме пятницы
65223,1,1,1,1,1,0,0,20190912,20191230,Будние дни
65222,0,0,0,0,0,1,1,20190912,20191230,Выходные дни
62105,0,0,0,0,0,1,1,20190701,20191230,Выходные дни
62103,1,1,1,1,1,0,0,20190701,20191230,Будние дни
61883,1,1,1,1,1,1,1,20190624,20190916,Ежедневно
61924,1,1,1,1,1,1,1,20190624,20191230,Ежедневно
62202,1,1,1,1,1,0,0,20190630,20191230,Будние дни
62203,0,0,0,0,0,1,1,20190630,20191230,Выходные дни
63699,0,0,0,0,0,1,1,20190802,20191230,Выходные дни
63698,1,1,1,1,1,0,0,20190802,20191230,Будние дни
64436,1,1,1,1,1,0,0,20190909,20191230,Будние дни
61880,0,0,0,0,0,1,0,20190624,20191230,Суббота
61882,0,0,0,0,0,0,1,20190624,20191230,Воскресенье
60797,0,0,0,0,0,1,1,20190514,20191230,Выходные дни
60796,1,1,1,1,1,0,0,20190514,20191230,Будние дни
64435,1,1,1,1,1,0,0,20190909,20191230,Будние дни
61879,0,0,0,0,0,1,0,20190624,20191230,Суббота
61881,0,0,0,0,0,0,1,20190624,20191230,Воскресенье
65109,0,0,0,0,1,0,0,20190909,20191230,Пятница
65111,0,0,0,0,0,0,1,20190909,20191230,Воскресенье
65110,0,0,0,0,0,1,0,20190909,20191230,Суббота
63256,1,1,1,1,1,1,1,20190726,20191230,Ежедневно
63795,0,0,0,0,0,1,1,20190802,20190922,Выходные дни
63792,1,1,1,1,1,0,0,20190802,20190922,Будние дни
61876,1,1,1,1,1,1,1,20190624,20191230,Ежедневно
58400,0,0,0,0,0,1,1,20190205,20191230,Выходные дни
58399,1,1,1,1,1,0,0,20190205,20191230,Будние дни
64991,1,1,1,1,1,1,0,20190905,20191230,Будние и субботние дни
64992,0,0,0,0,0,0,1,20190905,20191230,Воскресенье
65121,0,0,0,0,0,1,1,20190907,20191230,Выходные дни
65120,1,1,1,1,1,0,0,20190907,20191230,Будние дни
65127,0,0,0,0,0,1,1,20190907,20191230,Выходные дни
65126,1,1,1,1,1,0,0,20190907,20191230,Будние дни
64980,1,1,1,1,1,0,0,20190902,20191230,Будние дни
57134,0,0,0,0,0,1,1,20181212,20191230,Выходные дни
65117,1,1,1,1,1,1,1,20190907,20191230,Ежедневно
64789,1,1,1,1,1,1,1,20190830,20191230,Ежедневно
63790,0,0,0,0,0,1,1,20190802,20191230,Выходные дни
64409,1,1,1,1,1,0,0,20190909,20191230,Будние дни
63759,1,1,1,1,1,1,1,20190802,20191230,Ежедневно
63800,1,1,1,1,1,1,1,20190802,20191230,Ежедневно
63801,1,1,1,1,1,1,1,20190802,20191230,Ежедневно
63802,1,1,1,1,1,1,1,20190802,20191230,Ежедневно
63803,1,1,1,1,1,1,1,20190802,20191230,Ежедневно
63804,1,1,1,1,1,1,1,20190802,20191230,Ежедневно
65033,1,1,1,1,1,1,1,20190905,20191230,Ежедневно
65047,1,1,1,1,1,1,1,20190905,20191230,Ежедневно
55238,1,1,1,1,1,0,0,20181001,20191230,Будние дни
55240,0,0,0,0,0,1,1,20181001,20191230,Выходные дни
64972,1,1,1,1,1,1,1,20190902,20191230,Ежедневно
65264,0,0,0,0,0,1,1,20190913,20190915,Выходные дни
65263,1,1,1,1,1,0,0,20190913,20190915,Будние дни
63597,0,0,0,0,0,1,1,20190801,20191230,Выходные дни
63596,1,1,1,1,1,0,0,20190801,20191230,Будние дни
65116,0,0,0,0,0,1,1,20190907,20191230,Выходные дни
65115,1,1,1,1,1,0,0,20190907,20191230,Будние дни
65123,0,0,0,0,0,1,1,20190907,20191230,Выходные дни
57564,1,1,1,1,1,0,0,20190110,20191230,Будние дни
62304,1,1,1,1,1,0,0,20190711,20191230,Будние дни
62305,0,0,0,0,0,1,1,20190711,20191230,Выходные дни
65074,0,0,0,0,0,1,1,20190906,20191230,Выходные дни
63582,1,1,1,1,1,0,0,20190801,20191230,Будние дни
59472,1,1,1,1,1,0,0,20190409,20191230,Будние дни
60581,0,0,0,0,0,1,1,20190509,20191230,Выходные дни
63585,1,1,1,1,1,1,1,20190801,20191103,Ежедневно
63660,0,0,0,0,0,1,1,20190802,20191230,Выходные дни
63658,1,1,1,1,1,0,0,20190802,20191230,Будние дни
65064,0,0,0,0,0,1,1,20190904,20191230,Выходные дни
65063,1,1,1,1,1,0,0,20190904,20191230,Будние дни
63603,1,1,1,1,1,1,1,20190801,20191230,Ежедневно
65062,0,0,0,0,0,1,1,20190904,20191230,Выходные дни
65061,1,1,1,1,1,0,0,20190904,20191230,Будние дни
63845,0,0,0,0,0,1,1,20190802,20190922,Выходные дни
63843,1,1,1,1,1,0,0,20190802,20190922,Будние дни
63683,1,1,1,1,1,0,0,20190802,20191230,Будние дни
63685,0,0,0,0,0,0,1,20190802,20191230,Воскресенье
63684,0,0,0,0,0,1,0,20190802,20191230,Суббота
63765,1,1,1,1,1,1,1,20190802,20191230,Ежедневно
65131,0,0,0,0,0,1,1,20190907,20191230,Выходные дни
65130,1,1,1,1,1,0,0,20190907,20191230,Будние дни
65227,0,0,0,0,0,1,1,20190912,20191230,Выходные дни
65226,1,1,1,1,1,0,0,20190912,20191230,Будние дни
64965,1,1,1,1,1,0,0,20190902,20191230,Будние дни
64966,0,0,0,0,0,1,1,20190902,20191230,Выходные дни
56147,1,1,1,1,1,1,1,20181107,20191230,Ежедневно
63599,0,0,0,0,0,1,1,20190801,20191230,Выходные дни
63598,1,1,1,1,1,0,0,20190801,20191230,Будние дни
65231,1,1,1,1,1,0,0,20190912,20191230,Будние дни
65230,0,0,0,0,0,1,1,20190912,20191230,Выходные дни
64574,1,1,1,1,1,1,0,20190821,20191230,Будние и субботние дни
63549,1,1,1,1,1,0,0,20190812,20191230,Будние дни
63547,0,0,0,0,0,1,1,20190812,20191230,Выходные дни
65233,1,1,1,1,1,0,0,20190912,20191230,Будние дни
65232,0,0,0,0,0,1,1,20190912,20191230,Выходные дни
64975,0,0,0,0,0,1,0,20190902,20191230,Суббота
64977,1,1,1,1,1,0,0,20190909,20191230,Будние дни
64973,0,0,0,0,0,0,1,20190902,20191230,Воскресенье
63135,1,1,1,1,1,0,0,20190801,20191230,Будние дни
63136,0,0,0,0,0,1,1,20190801,20191230,Выходные дни
63580,1,1,1,1,1,1,1,20190801,20191230,Ежедневно
63782,1,1,1,1,1,1,1,20190802,20191230,Ежедневно
64920,1,1,1,1,1,1,1,20190901,20190922,Ежедневно
64413,1,1,1,1,1,0,0,20190909,20190916,Будние дни
61917,0,0,0,0,0,1,1,20190624,20190916,Выходные дни
63682,0,0,0,0,0,1,1,20190802,20191230,Выходные дни
64432,1,1,1,1,1,0,0,20190909,20191230,Будние дни
64417,1,1,1,1,1,0,0,20190909,20190916,Будние дни
61918,0,0,0,0,0,1,1,20190624,20190916,Выходные дни
61869,1,1,1,1,1,1,1,20190624,20191230,Ежедневно
63978,0,0,0,0,0,1,1,20190804,20191230,Выходные дни
63977,1,1,1,1,1,0,0,20190804,20191230,Будние дни
63974,0,0,0,0,0,1,1,20190804,20191230,Выходные дни
63973,1,1,1,1,1,0,0,20190804,20191230,Будние дни
61927,0,0,0,0,0,0,1,20190624,20191230,Воскресенье
61925,0,0,0,0,0,1,0,20190624,20191230,Суббота
64415,1,1,1,1,1,0,0,20190909,20190916,Будние дни
64416,1,1,1,1,1,0,0,20190909,20190916,Будние дни
61928,0,0,0,0,0,0,1,20190624,20191230,Воскресенье
61926,0,0,0,0,0,1,0,20190624,20191230,Суббота
64412,1,1,1,1,1,0,0,20190909,20190916,Будние дни
64080,1,1,1,1,1,0,0,20190802,20191230,Будние дни
64082,0,0,0,0,0,1,1,20190802,20191230,Выходные дни
64934,0,0,0,0,0,1,1,20190902,20191230,Выходные дни
64935,1,1,1,1,1,0,0,20190902,20191230,Будние дни
63755,1,1,1,1,1,0,0,20190802,20191230,Будние дни
64857,1,1,1,1,1,0,0,20190831,20191230,Будние дни
64858,0,0,0,0,0,1,1,20190831,20191230,Выходные дни
64444,0,0,0,0,0,0,1,20190909,20191230,Воскресенье
65301,1,1,1,1,1,1,0,20190909,20191230,Будние и субботние дни
64526,1,1,1,1,1,0,0,20190819,20191230,Будние дни
64527,0,0,0,0,0,1,1,20190819,20191230,Выходные дни
56505,0,0,0,0,0,1,1,20181117,20191230,Выходные дни
59322,1,1,1,1,1,0,0,20190408,20191230,Будние дни
63570,1,1,1,1,1,0,0,20190801,20191230,Будние дни
63571,0,0,0,0,0,1,1,20190801,20191230,Выходные дни
62813,0,0,0,0,0,1,1,20190723,20191230,Выходные дни
62812,1,1,1,1,1,0,0,20190723,20191230,Будние дни
64390,1,1,1,1,1,0,0,20190814,20191230,Будние дни
64391,0,0,0,0,0,1,1,20190814,20191230,Выходные дни
63687,0,0,0,0,0,1,1,20190802,20191230,Выходные дни
63686,1,1,1,1,1,0,0,20190802,20191230,Будние дни
63534,0,0,0,0,0,1,1,20190731,20191230,Выходные дни
63533,1,1,1,1,1,0,0,20190731,20191230,Будние дни
63532,1,1,1,1,1,0,0,20190731,20191230,Будние дни
63531,0,0,0,0,0,1,1,20190731,20191230,Выходные дни
64291,0,0,0,0,0,1,1,20190811,20191230,Выходные дни
64290,1,1,1,1,1,0,0,20190811,20191230,Будние дни
65257,1,1,1,1,1,0,0,20190912,20191230,Будние дни
65256,0,0,0,0,0,1,1,20190912,20191230,Выходные дни
62231,0,0,0,0,0,1,1,20190701,20191230,Выходные дни
62230,1,1,1,1,1,0,0,20190701,20191230,Будние дни
57565,1,1,1,1,1,0,0,20190110,20191230,Будние дни
65125,0,0,0,0,0,1,1,20190907,20191230,Выходные дни
65118,1,1,1,1,1,1,1,20190907,20191230,Ежедневно
64979,0,0,0,0,0,0,1,20190902,20191230,Воскресенье
64978,1,1,1,1,1,1,0,20190902,20191230,Будние и субботние дни
64912,0,0,0,0,0,1,1,20190901,20190922,Выходные дни
64911,1,1,1,1,1,0,0,20190901,20190922,Будние дни
64420,1,1,1,1,1,1,0,20190909,20191230,Будние и субботние дни
61868,1,1,1,1,1,1,1,20190624,20191230,Ежедневно
63665,0,0,0,0,0,1,1,20190802,20191230,Выходные дни
63662,1,1,1,1,1,0,0,20190802,20191230,Будние дни
54635,1,1,1,1,1,1,1,20180911,20191230,Ежедневно
63666,0,0,0,0,0,1,1,20190802,20191230,Выходные дни
63664,1,1,1,1,1,0,0,20190802,20191230,Будние дни
63604,1,1,1,1,1,0,0,20190801,20191230,Будние дни
63605,0,0,0,0,0,1,1,20190801,20191230,Выходные дни
63718,0,0,0,0,0,1,1,20190812,20191230,Выходные дни
63715,1,1,1,1,1,0,0,20190812,20191230,Будние дни
60823,0,0,0,0,0,1,1,20190515,20191230,Выходные дни
63626,1,1,1,1,1,0,0,20190802,20191230,Будние дни
63716,1,1,1,1,1,0,0,20190812,20191230,Будние дни
63719,0,0,0,0,0,1,1,20190812,20191230,Выходные дни
63720,0,0,0,0,0,1,1,20190812,20191230,Выходные дни
63717,1,1,1,1,1,0,0,20190812,20191230,Будние дни
63630,0,0,0,0,0,1,1,20190802,20191230,Выходные дни
63629,1,1,1,1,1,0,0,20190802,20191230,Будние дни
65013,0,0,0,0,0,1,1,20190909,20190920,Выходные дни
65012,1,1,1,1,1,0,0,20190909,20190920,Будние дни
63628,1,1,1,1,1,1,1,20190802,20191230,Ежедневно
64557,1,1,1,1,1,0,0,20190827,20191230,Будние дни
64556,0,0,0,0,0,1,1,20190827,20191230,Выходные дни
64395,1,1,1,1,1,0,0,20190901,20191230,Будние дни
64394,0,0,0,0,0,1,1,20190901,20191230,Выходные дни
64922,1,1,1,1,1,1,1,20190831,20191230,Ежедневно
58956,1,1,1,1,1,1,1,20190305,20191230,Ежедневно
63642,1,1,1,1,1,1,1,20190802,20191230,Ежедневно
63644,1,1,1,1,1,1,1,20190802,20191230,Ежедневно
63725,1,1,1,1,1,0,0,20190802,20191230,Будние дни
63727,0,0,0,0,0,1,1,20190802,20191230,Выходные дни
65160,1,1,1,1,1,1,1,20190910,20191230,Ежедневно
64645,1,1,1,1,1,1,1,20190901,20191230,Ежедневно
64923,1,1,1,1,1,1,1,20190831,20191230,Ежедневно
64566,1,1,1,1,1,1,1,20190820,20191230,Ежедневно
64562,1,1,1,1,1,1,1,20190820,20191230,Ежедневно
63849,0,0,0,0,0,0,1,20190802,20191230,Воскресенье
63847,1,1,1,1,1,1,0,20190802,20191230,Будние и субботние дни
64572,0,0,0,0,0,1,1,20190820,20191230,Выходные дни
64570,1,1,1,1,1,0,0,20190820,20191230,Будние дни
63831,1,1,1,1,1,1,1,20190802,20191230,Ежедневно
63583,1,1,1,1,1,0,0,20190801,20191230,Будние дни
65075,0,0,0,0,0,1,1,20190905,20191230,Выходные дни
58678,1,1,1,1,1,0,0,20190216,20191230,Будние дни
58679,0,0,0,0,0,1,1,20190216,20191230,Выходные дни
65017,0,0,0,0,0,1,1,20190909,20190920,Выходные дни
65016,1,1,1,1,1,0,0,20190909,20190920,Будние дни
55337,1,1,1,1,1,1,1,20180710,20191230,Ежедневно
42069,1,1,1,1,1,1,1,20170701,20191230,Ежедневно
42681,1,1,1,1,1,1,1,20170701,20191230,Ежедневно
41614,1,1,1,1,1,1,1,20170701,20191230,Ежедневно
42666,1,1,1,1,1,1,1,20170701,20191230,Ежедневно
41710,1,1,1,1,1,1,1,20170701,20191230,Ежедневно
41620,1,1,1,1,1,1,1,20170701,20191230,Ежедневно
42670,1,1,1,1,1,1,1,20170701,20191230,Ежедневно
41994,1,1,1,1,1,1,1,20170701,20191230,Ежедневно
42742,1,1,1,1,1,1,1,20170701,20191230,Ежедневно
56680,1,1,1,1,1,1,1,20181121,20191230,Ежедневно
52115,1,1,1,1,1,1,1,20180730,20191230,Ежедневно
42005,1,1,1,1,1,1,1,20170701,20191230,Ежедневно
41685,1,1,1,1,1,1,1,20170701,20191230,Ежедневно
41678,1,1,1,1,1,1,1,20170701,20191230,Ежедневно
41760,1,1,1,1,1,1,1,20170701,20191230,Ежедневно
42363,1,1,1,1,1,1,1,20170701,20191230,Ежедневно
60854,0,0,0,0,0,1,1,20190519,20191230,Выходные дни
41459,1,1,1,1,1,1,1,20170701,20191230,Ежедневно
41365,1,1,1,1,1,1,1,20170701,20191230,Ежедневно
41366,1,1,1,1,1,1,1,20170701,20191230,Ежедневно
56676,1,1,1,1,1,1,1,20181121,20191230,Ежедневно
42686,1,1,1,1,1,1,1,20170701,20191230,Ежедневно
42820,1,1,1,1,1,1,1,20170701,20191230,Ежедневно
42749,1,1,1,1,1,1,1,20170701,20191230,Ежедневно
42727,1,1,1,1,1,1,1,20170701,20191230,Ежедневно
41998,1,1,1,1,1,1,1,20170701,20191230,Ежедневно
42854,1,1,1,1,1,1,1,20170701,20191230,Ежедневно
42745,1,1,1,1,1,1,1,20170701,20191230,Ежедневно
42857,1,1,1,1,1,1,1,20170701,20191230,Ежедневно
55347,1,1,1,1,1,1,1,20181003,20191230,Ежедневно
42358,1,1,1,1,1,1,1,20170701,20191230,Ежедневно
42364,1,1,1,1,1,1,1,20170701,20191230,Ежедневно
41465,1,1,1,1,1,1,1,20170701,20191230,Ежедневно
41379,1,1,1,1,1,1,1,20170701,20191230,Ежедневно
47864,1,1,1,1,1,1,1,20170702,20191230,Ежедневно
42723,1,1,1,1,1,1,1,20170701,20191230,Ежедневно
55345,1,1,1,1,1,1,1,20181003,20191230,Ежедневно
41622,1,1,1,1,1,1,1,20170701,20191230,Ежедневно
42728,1,1,1,1,1,1,1,20170701,20191230,Ежедневно
41624,1,1,1,1,1,1,1,20170701,20191230,Ежедневно
41625,1,1,1,1,1,1,1,20170701,20191230,Ежедневно
56660,1,1,1,1,1,1,1,20181120,20191230,Ежедневно
42753,1,1,1,1,1,1,1,20170701,20191230,Ежедневно
41679,1,1,1,1,1,1,1,20170701,20191230,Ежедневно
41680,1,1,1,1,1,1,1,20170701,20191230,Ежедневно
41681,1,1,1,1,1,1,1,20170701,20191230,Ежедневно
42048,1,1,1,1,1,1,1,20170701,20191230,Ежедневно
41677,1,1,1,1,1,1,1,20170701,20191230,Ежедневно
41683,1,1,1,1,1,1,1,20170701,20191230,Ежедневно
41759,1,1,1,1,1,1,1,20170701,20191230,Ежедневно
42494,1,1,1,1,1,1,1,20170701,20191230,Ежедневно
42679,1,1,1,1,1,1,1,20170701,20191230,Ежедневно
59622,1,1,1,1,1,1,1,20190425,20191230,Ежедневно
42678,1,1,1,1,1,1,1,20170701,20191230,Ежедневно
41709,1,1,1,1,1,1,1,20170701,20191230,Ежедневно
41367,1,1,1,1,1,1,1,20170701,20191230,Ежедневно
42070,1,1,1,1,1,1,1,20170701,20191230,Ежедневно
41380,1,1,1,1,1,1,1,20170701,20191230,Ежедневно
42748,1,1,1,1,1,1,1,20170701,20191230,Ежедневно
42725,1,1,1,1,1,1,1,20170701,20191230,Ежедневно
42855,1,1,1,1,1,1,1,20170701,20191230,Ежедневно
42839,1,1,1,1,1,1,1,20170701,20191230,Ежедневно
41635,1,1,1,1,1,1,1,20170701,20191230,Ежедневно
64606,0,0,0,0,0,1,1,20190901,20191230,Выходные дни
64605,1,1,1,1,1,0,0,20190901,20191230,Будние дни
41456,1,1,1,1,1,1,1,20170701,20191230,Ежедневно
42357,1,1,1,1,1,1,1,20170701,20191230,Ежедневно
41460,1,1,1,1,1,1,1,20170701,20191230,Ежедневно
47865,1,1,1,1,1,1,1,20170702,20191230,Ежедневно
47866,1,1,1,1,1,1,1,20170702,20191230,Ежедневно
42685,1,1,1,1,1,1,1,20170701,20191230,Ежедневно
41617,1,1,1,1,1,1,1,20170701,20191230,Ежедневно
42667,1,1,1,1,1,1,1,20170701,20191230,Ежедневно
63539,1,1,1,1,1,1,1,20190801,20191230,Ежедневно
41623,1,1,1,1,1,1,1,20170701,20191230,Ежедневно
56661,1,1,1,1,1,1,1,20181120,20191230,Ежедневно
42003,1,1,1,1,1,1,1,20170701,20191230,Ежедневно
42493,1,1,1,1,1,1,1,20170701,20191230,Ежедневно
56677,1,1,1,1,1,1,1,20181121,20191230,Ежедневно
41686,1,1,1,1,1,1,1,20170701,20191230,Ежедневно
41689,1,1,1,1,1,1,1,20170701,20191230,Ежедневно
42112,1,1,1,1,1,1,1,20170701,20191230,Ежедневно
42114,1,1,1,1,1,1,1,20170701,20191230,Ежедневно
42052,1,1,1,1,1,1,1,20170701,20191230,Ежедневно
41758,1,1,1,1,1,1,1,20170701,20191230,Ежедневно
64798,0,0,0,0,0,1,1,20190830,20191230,Выходные дни
64797,1,1,1,1,1,0,0,20190830,20191230,Будние дни
60860,0,0,0,0,0,1,1,20190519,20191230,Выходные дни
42495,1,1,1,1,1,1,1,20170701,20191230,Ежедневно
41466,1,1,1,1,1,1,1,20170701,20191230,Ежедневно
41615,1,1,1,1,1,1,1,20170701,20191230,Ежедневно
41618,1,1,1,1,1,1,1,20170701,20191230,Ежедневно
42409,1,1,1,1,1,1,1,20170701,20191230,Ежедневно
42724,1,1,1,1,1,1,1,20170701,20191230,Ежедневно
42738,1,1,1,1,1,1,1,20170701,20191230,Ежедневно
42751,1,1,1,1,1,1,1,20170701,20191230,Ежедневно
42740,1,1,1,1,1,1,1,20170701,20191230,Ежедневно
42741,1,1,1,1,1,1,1,20170701,20191230,Ежедневно
42823,1,1,1,1,1,1,1,20170701,20191230,Ежедневно
42824,1,1,1,1,1,1,1,20170701,20191230,Ежедневно
42756,1,1,1,1,1,1,1,20170701,20191230,Ежедневно
42743,1,1,1,1,1,1,1,20170701,20191230,Ежедневно
41757,1,1,1,1,1,1,1,20170701,20191230,Ежедневно
41627,1,1,1,1,1,1,1,20170701,20191230,Ежедневно
42822,1,1,1,1,1,1,1,20170701,20191230,Ежедневно
42826,1,1,1,1,1,1,1,20170701,20191230,Ежедневно
41628,1,1,1,1,1,1,1,20170701,20191230,Ежедневно
42828,1,1,1,1,1,1,1,20170701,20191230,Ежедневно
42827,1,1,1,1,1,1,1,20170701,20191230,Ежедневно
41630,1,1,1,1,1,1,1,20170701,20191230,Ежедневно
41808,1,1,1,1,1,1,1,20170701,20191230,Ежедневно
42007,1,1,1,1,1,1,1,20170701,20191230,Ежедневно
41634,1,1,1,1,1,1,1,20170701,20191230,Ежедневно
42051,1,1,1,1,1,1,1,20170701,20191230,Ежедневно
42841,1,1,1,1,1,1,1,20170701,20191230,Ежедневно
42360,1,1,1,1,1,1,1,20170701,20191230,Ежедневно
41811,1,1,1,1,1,1,1,20170701,20191230,Ежедневно
42747,1,1,1,1,1,1,1,20170701,20191230,Ежедневно
42674,1,1,1,1,1,1,1,20170701,20191230,Ежедневно
42496,1,1,1,1,1,1,1,20170701,20191230,Ежедневно
42497,1,1,1,1,1,1,1,20170701,20191230,Ежедневно
42400,1,1,1,1,1,1,1,20170701,20191230,Ежедневно
41377,1,1,1,1,1,1,1,20170701,20191230,Ежедневно
42680,1,1,1,1,1,1,1,20170701,20191230,Ежедневно
42532,1,1,1,1,1,1,1,20170701,20191230,Ежедневно
42533,1,1,1,1,1,1,1,20170701,20191230,Ежедневно
42683,1,1,1,1,1,1,1,20170701,20191230,Ежедневно
42684,1,1,1,1,1,1,1,20170701,20191230,Ежедневно
47232,1,1,1,1,1,1,1,20180118,20191230,Ежедневно
42071,1,1,1,1,1,1,1,20170701,20191230,Ежедневно
42671,1,1,1,1,1,1,1,20170701,20191230,Ежедневно
42668,1,1,1,1,1,1,1,20170701,20191230,Ежедневно
55346,1,1,1,1,1,1,1,20181003,20191230,Ежедневно
42672,1,1,1,1,1,1,1,20170701,20191230,Ежедневно
42750,1,1,1,1,1,1,1,20170701,20191230,Ежедневно
41993,1,1,1,1,1,1,1,20170701,20191230,Ежедневно
42752,1,1,1,1,1,1,1,20170701,20191230,Ежедневно
41997,1,1,1,1,1,1,1,20170701,20191230,Ежедневно
41999,1,1,1,1,1,1,1,20170701,20191230,Ежедневно
42821,1,1,1,1,1,1,1,20170701,20191230,Ежедневно
42825,1,1,1,1,1,1,1,20170701,20191230,Ежедневно
42004,1,1,1,1,1,1,1,20170701,20191230,Ежедневно
42006,1,1,1,1,1,1,1,20170701,20191230,Ежедневно
42047,1,1,1,1,1,1,1,20170701,20191230,Ежедневно
42049,1,1,1,1,1,1,1,20170701,20191230,Ежедневно
42940,1,1,1,1,1,1,1,20170701,20191230,Ежедневно
42362,1,1,1,1,1,1,1,20170701,20191230,Ежедневно
42359,1,1,1,1,1,1,1,20170701,20191230,Ежедневно
42361,1,1,1,1,1,1,1,20170701,20191230,Ежедневно
63968,1,1,1,1,1,1,1,20190804,20191230,Ежедневно
60857,0,0,0,0,0,1,1,20190519,20191230,Выходные дни
65018,0,0,0,0,0,1,1,20190905,20191230,Выходные дни
60856,0,0,0,0,0,1,1,20190519,20191230,Выходные дни
60855,0,0,0,0,0,1,1,20190519,20191230,Выходные дни
60858,0,0,0,0,0,1,1,20190519,20191230,Выходные дни
63748,0,0,0,0,0,1,1,20190802,20191230,Выходные дни
60862,0,0,0,0,0,1,1,20190519,20191230,Выходные дни
60859,0,0,0,0,0,1,1,20190519,20191230,Выходные дни
60861,0,0,0,0,0,1,1,20190519,20191230,Выходные дни
63749,0,0,0,0,0,1,1,20190802,20191230,Выходные дни
63750,0,0,0,0,0,1,1,20190802,20191230,Выходные дни
65019,0,0,0,0,0,1,1,20190905,20191230,Выходные дни
65020,0,0,0,0,0,1,1,20190905,20191230,Выходные дни
41272,1,1,1,1,1,1,1,20170701,20191230,Ежедневно
41274,1,1,1,1,1,1,1,20170701,20191230,Ежедневно
63722,1,1,1,1,1,0,0,20190802,20191230,Будние дни
63724,0,0,0,0,0,1,1,20190802,20191230,Выходные дни
64458,0,0,0,0,0,1,1,20190820,20190915,Выходные дни
64459,1,1,1,1,1,0,0,20190820,20190915,Будние дни
65307,1,1,1,1,1,0,0,20190914,20191230,Будние дни
65308,0,0,0,0,0,1,1,20190914,20191230,Выходные дни
46190,1,1,1,1,1,1,1,20170701,20191230,Ежедневно
42677,1,1,1,1,1,1,1,20170701,20191230,Ежедневно
59575,1,1,1,1,1,1,1,20190506,20191230,Ежедневно
58312,1,1,1,1,1,1,1,20190206,20191230,Ежедневно
63970,1,1,1,1,1,1,1,20190804,20191230,Ежедневно
41363,1,1,1,1,1,1,1,20170701,20191230,Ежедневно
61919,0,0,0,0,0,1,1,20190624,20191230,Выходные дни
64414,1,1,1,1,1,0,0,20190909,20190916,Будние дни
64421,1,1,1,1,1,1,0,20190909,20191230,Будние и субботние дни
41626,1,1,1,1,1,1,1,20170701,20191230,Ежедневно
41687,1,1,1,1,1,1,1,20170701,20191230,Ежедневно
42829,1,1,1,1,1,1,1,20170701,20191230,Ежедневно
47721,1,1,1,1,1,1,1,20180226,20191230,Ежедневно
42856,1,1,1,1,1,1,1,20170701,20191230,Ежедневно
41637,1,1,1,1,1,1,1,20170701,20191230,Ежедневно
41633,1,1,1,1,1,1,1,20170701,20191230,Ежедневно
41688,1,1,1,1,1,1,1,20170701,20191230,Ежедневно
42954,1,1,1,1,1,1,1,20170701,20191230,Ежедневно
63051,1,1,1,1,1,1,1,20190729,20191230,Ежедневно
64397,0,0,0,0,0,1,0,20190909,20191230,Суббота
64398,0,0,0,0,1,0,0,20190909,20191230,Пятница
64399,0,0,0,0,0,0,1,20190909,20191230,Воскресенье
64285,0,0,0,0,0,0,1,20190811,20191230,Воскресенье
62059,1,1,1,1,1,1,0,20190625,20191230,Будние и субботние дни
41684,1,1,1,1,1,1,1,20170701,20191230,Ежедневно
64910,0,0,0,0,0,1,1,20190901,20190922,Выходные дни
64909,1,1,1,1,1,0,0,20190901,20190922,Будние дни
64524,1,1,1,1,1,0,0,20190819,20191230,Будние дни
64525,0,0,0,0,0,1,1,20190819,20191230,Выходные дни
42942,1,1,1,1,1,1,1,20170701,20191230,Ежедневно
41364,1,1,1,1,1,1,1,20170701,20191230,Ежедневно
47722,1,1,1,1,1,1,1,20180101,20191230,Ежедневно
63777,1,1,1,1,1,0,0,20190802,20191230,Будние дни
62060,1,1,1,1,1,1,0,20190625,20191230,Будние и субботние дни
64984,0,0,0,0,0,0,1,20190902,20191230,Воскресенье
64297,1,1,1,1,1,1,1,20190811,20191230,Ежедневно
62052,0,0,0,0,0,1,1,20190625,20191230,Выходные дни
62051,1,1,1,1,1,0,0,20190625,20191230,Будние дни
42739,1,1,1,1,1,1,1,20170810,20191230,Ежедневно
41636,1,1,1,1,1,1,1,20170701,20191230,Ежедневно
63551,1,1,1,1,1,1,1,20190812,20191230,Ежедневно
42941,1,1,1,1,1,1,1,20170701,20191230,Ежедневно
41447,1,1,1,1,1,1,1,20170701,20191230,Ежедневно
63832,1,1,1,1,1,1,1,20190814,20191230,Ежедневно
63566,1,1,1,1,1,0,0,20190801,20191230,Будние дни
63568,0,0,0,0,0,1,1,20190801,20191230,Выходные дни
41812,1,1,1,1,1,1,1,20170701,20191230,Ежедневно
63567,1,1,1,1,1,0,0,20190801,20191230,Будние дни
63569,0,0,0,0,0,1,1,20190801,20191230,Выходные дни
65158,1,1,1,1,1,0,0,20190911,20191230,Будние дни
65159,0,0,0,0,0,1,1,20190911,20191230,Выходные дни
61575,1,1,1,1,1,1,1,20190608,20191230,Ежедневно
59958,0,0,0,0,0,1,1,20190513,20191230,Выходные дни
59957,1,1,1,1,1,0,0,20190513,20191230,Будние дни
60016,0,0,0,0,0,1,1,20190513,20191230,Выходные дни
60017,1,1,1,1,1,0,0,20190513,20191230,Будние дни
42044,1,1,1,1,1,0,0,20170518,20191230,Будние дни
42045,0,0,0,0,0,1,1,20170518,20191230,Выходные дни
57533,1,1,1,1,1,0,0,20181225,20191230,Будние дни
57534,0,0,0,0,0,1,1,20181225,20191230,Выходные дни
36668,1,1,1,1,1,0,0,20170310,20191230,Будние дни
36667,0,0,0,0,0,1,1,20170310,20191230,Выходные дни
40199,0,0,0,0,0,1,1,20170619,20191230,Выходные дни
40198,1,1,1,1,1,0,0,20170619,20191230,Будние дни
36672,1,1,1,1,1,0,0,20170310,20191230,Будние дни
59921,0,0,0,0,0,1,1,20190506,20191230,Выходные дни
53360,1,1,1,1,1,0,0,20180807,20191230,Будние дни
53361,0,0,0,0,0,1,1,20180807,20191230,Выходные дни
36677,0,0,0,0,0,1,1,20170310,20191230,Выходные дни
36678,1,1,1,1,1,0,0,20170310,20191230,Будние дни
36669,0,0,0,0,0,1,1,20170310,20191230,Выходные дни
36670,1,1,1,1,1,0,0,20170310,20191230,Будние дни
59867,1,1,1,1,1,0,0,20190526,20191230,Будние дни
59868,0,0,0,0,0,1,1,20190526,20191230,Выходные дни
47899,0,0,0,0,0,1,1,20170927,20191230,Выходные дни
47898,1,1,1,1,1,0,0,20170927,20191230,Будние дни
47887,1,1,1,1,1,0,0,20170927,20191230,Будние дни
47891,0,0,0,0,0,1,1,20170929,20191230,Выходные дни
36745,0,0,0,0,0,1,1,20170310,20191230,Выходные дни
36742,1,1,1,1,1,0,0,20170310,20191230,Будние дни
36707,1,1,1,1,1,0,0,20170310,20191230,Будние дни
36746,1,1,1,1,1,0,0,20170310,20191230,Будние дни
36743,0,0,0,0,0,1,1,20170310,20191230,Выходные дни
39273,1,1,1,1,1,0,0,20170529,20191230,Будние дни
42120,0,0,0,0,0,1,1,20170731,20191230,Выходные дни
36697,1,1,1,1,1,0,0,20170310,20191230,Будние дни
36695,0,0,0,0,0,1,1,20170310,20191230,Выходные дни
58021,0,0,0,0,0,1,1,20190114,20191230,Выходные дни
58022,1,1,1,1,1,0,0,20190114,20191230,Будние дни
55554,1,1,1,1,1,0,0,20181001,20191230,Будние дни
55553,0,0,0,0,0,1,1,20181001,20191230,Выходные дни
54171,1,1,1,1,1,0,0,20180827,20191230,Будние дни
54170,0,0,0,0,0,1,1,20180827,20191230,Выходные дни
36702,1,1,1,1,1,0,0,20170310,20191230,Будние дни
36701,0,0,0,0,0,1,1,20170310,20191230,Выходные дни
43142,1,1,1,1,1,0,0,20170825,20191230,Будние дни
43143,0,0,0,0,0,1,1,20170825,20191230,Выходные дни
57535,1,1,1,1,1,0,0,20181225,20191230,Будние дни
59920,0,0,0,0,0,1,1,20190506,20191230,Выходные дни
59961,1,1,1,1,1,0,0,20190513,20191230,Будние дни
59962,0,0,0,0,0,1,1,20190513,20191230,Выходные дни
60003,0,0,0,0,0,1,1,20190513,20191230,Выходные дни
60004,1,1,1,1,1,0,0,20190513,20191230,Будние дни
59929,0,0,0,0,0,1,1,20190506,20191230,Выходные дни
59930,1,1,1,1,1,0,0,20190506,20191230,Будние дни
36715,1,1,1,1,1,0,0,20170310,20191230,Будние дни
36713,0,0,0,0,0,1,1,20170310,20191230,Выходные дни
36714,1,1,1,1,1,0,0,20170310,20191230,Будние дни
36712,0,0,0,0,0,1,1,20170310,20191230,Выходные дни
36716,0,0,0,0,0,1,1,20170310,20191230,Выходные дни
36718,1,1,1,1,1,0,0,20170310,20191230,Будние дни
36717,0,0,0,0,0,1,1,20170310,20191230,Выходные дни
36719,1,1,1,1,1,0,0,20170310,20191230,Будние дни
36721,1,1,1,1,1,0,0,20170310,20191230,Будние дни
36723,1,1,1,1,1,0,0,20170310,20191230,Будние дни
36724,0,0,0,0,0,1,1,20170310,20191230,Выходные дни
36725,1,1,1,1,1,0,0,20170310,20191230,Будние дни
36728,0,0,0,0,0,1,1,20170310,20191230,Выходные дни
36727,1,1,1,1,1,0,0,20170310,20191230,Будние дни
36729,0,0,0,0,0,1,1,20170310,20191230,Выходные дни
36731,1,1,1,1,1,0,0,20170310,20191230,Будние дни
62263,1,1,1,1,1,0,0,20170310,20191230,Будние дни
62262,0,0,0,0,0,1,1,20170310,20191230,Выходные дни
36726,1,1,1,1,1,0,0,20170310,20191230,Будние дни
42130,0,0,0,0,0,1,1,20170731,20191230,Выходные дни
36735,1,1,1,1,1,0,0,20170310,20191230,Будние дни
46715,0,0,0,0,0,1,1,20171227,20191230,Выходные дни
46714,1,1,1,1,1,0,0,20171227,20191230,Будние дни
36739,1,1,1,1,1,0,0,20170310,20191230,Будние дни
36737,0,0,0,0,0,1,1,20170310,20191230,Выходные дни
54230,1,1,1,1,1,0,0,20180903,20191230,Будние дни
54229,0,0,0,0,0,1,1,20180903,20191230,Выходные дни
36748,1,1,1,1,1,0,0,20170310,20191230,Будние дни
36753,1,1,1,1,1,0,0,20170310,20191230,Будние дни
36751,0,0,0,0,0,1,1,20170310,20191230,Выходные дни
62261,1,1,1,1,1,0,0,20170310,20191230,Будние дни
64474,1,1,1,1,1,0,0,20190815,20191230,Будние дни
64475,0,0,0,0,0,1,1,20190815,20191230,Выходные дни
43747,0,0,0,0,0,1,1,20170912,20191230,Выходные дни
43746,1,1,1,1,1,0,0,20170912,20191230,Будние дни
35973,1,1,1,1,1,1,1,20170210,20191230,Ежедневно
62365,0,0,0,0,0,1,1,20190715,20191230,Выходные дни
62364,1,1,1,1,1,0,0,20190715,20191230,Будние дни
43749,0,0,0,0,0,1,1,20170912,20191230,Выходные дни
43748,1,1,1,1,1,0,0,20170912,20191230,Будние дни
35990,1,1,1,1,1,0,0,20170210,20191230,Будние дни
35991,0,0,0,0,0,1,1,20170210,20191230,Выходные дни
57204,1,1,1,1,1,0,0,20181215,20191230,Будние дни
57205,0,0,0,0,0,1,1,20181215,20191230,Выходные дни
62970,0,0,0,0,0,1,1,20190720,20191230,Выходные дни
62969,1,1,1,1,1,0,0,20190720,20191230,Будние дни
47879,1,1,1,1,1,0,0,20180202,20191230,Будние дни
47880,0,0,0,0,0,1,1,20180202,20191230,Выходные дни
52934,1,1,1,1,1,0,0,20180730,20191230,Будние дни
52935,0,0,0,0,0,1,1,20180730,20191230,Выходные дни
35898,1,1,1,1,1,0,0,20170210,20191230,Будние дни
36024,0,0,0,0,0,1,1,20170210,20191230,Выходные дни
36023,1,1,1,1,1,0,0,20170210,20191230,Будние дни
43664,0,0,0,0,0,1,1,20170907,20191230,Выходные дни
43663,1,1,1,1,1,0,0,20170907,20191230,Будние дни
43399,1,1,1,1,1,0,0,20170901,20191230,Будние дни
64943,0,0,0,0,0,0,1,20190901,20191230,Воскресенье
64942,1,1,1,1,1,1,0,20190901,20191230,Будние и субботние дни
64120,1,1,1,1,1,0,0,20190827,20191230,Будние дни
64121,0,0,0,0,0,1,1,20190827,20191230,Выходные дни
36007,1,1,1,1,1,0,0,20170210,20191230,Будние дни
36008,0,0,0,0,0,1,1,20170210,20191230,Выходные дни
36004,1,1,1,1,1,1,1,20170210,20191230,Ежедневно
36011,0,0,0,0,0,1,1,20170210,20191230,Выходные дни
36012,1,1,1,1,1,0,0,20170210,20191230,Будние дни
65169,1,1,1,1,1,0,0,20190914,20191230,Будние дни
65170,0,0,0,0,0,1,1,20190914,20191230,Выходные дни
63888,1,1,1,1,1,0,0,20190805,20191230,Будние дни
63887,0,0,0,0,0,1,1,20190805,20191230,Выходные дни
43740,1,1,1,1,1,0,0,20170911,20191230,Будние дни
65211,0,0,0,0,0,1,1,20190914,20191230,Выходные дни
65212,1,1,1,1,1,0,0,20190914,20191230,Будние дни
65155,1,1,1,1,1,1,1,20190901,20191230,Ежедневно
62366,0,0,0,0,0,1,1,20190715,20191230,Выходные дни
62367,1,1,1,1,1,0,0,20190715,20191230,Будние дни
52932,1,1,1,1,1,0,0,20180730,20191230,Будние дни
52933,0,0,0,0,0,1,1,20180730,20191230,Выходные дни
61797,1,1,1,1,1,0,0,20190625,20191230,Будние дни
61796,0,0,0,0,0,1,1,20190625,20191230,Выходные дни
60318,1,1,1,1,1,1,1,20190506,20191230,Ежедневно
65154,1,1,1,1,1,1,1,20190901,20191230,Ежедневно
36015,1,1,1,1,1,0,0,20170210,20191230,Будние дни
36016,0,0,0,0,0,1,1,20170210,20191230,Выходные дни
55391,0,0,0,0,0,1,1,20181013,20191230,Выходные дни
55392,1,1,1,1,1,0,0,20181013,20191230,Будние дни
57923,1,1,1,1,1,0,0,20190116,20191230,Будние дни
58058,0,0,0,0,0,1,1,20190116,20191230,Выходные дни
62360,0,0,0,0,0,1,1,20190725,20191230,Выходные дни
62361,1,1,1,1,1,0,0,20190725,20191230,Будние дни
65008,0,0,0,0,0,1,1,20190902,20191230,Выходные дни
65007,1,1,1,1,1,0,0,20190902,20191230,Будние дни
64938,1,1,1,1,1,1,0,20190901,20191230,Будние и субботние дни
64939,0,0,0,0,0,0,1,20190901,20191230,Воскресенье
36010,1,1,1,1,1,0,0,20170210,20191230,Будние дни
36009,0,0,0,0,0,1,1,20170210,20191230,Выходные дни
36003,1,1,1,1,1,1,1,20170210,20191230,Ежедневно
55601,1,1,1,1,1,0,0,20181010,20191230,Будние дни
55600,0,0,0,0,0,1,1,20181010,20191230,Выходные дни
44775,0,0,0,0,0,1,1,20171016,20191230,Выходные дни
44774,1,1,1,1,1,0,0,20171016,20191230,Будние дни
57203,0,0,0,0,0,1,1,20181215,20191230,Выходные дни
57202,1,1,1,1,1,0,0,20181215,20191230,Будние дни
64125,0,0,0,0,0,1,1,20190827,20191230,Выходные дни
64124,1,1,1,1,1,0,0,20190827,20191230,Будние дни
65009,0,0,0,0,0,1,1,20190902,20191230,Выходные дни
65010,1,1,1,1,1,0,0,20190902,20191230,Будние дни
